agents=100
map_file=random-32-32-10.map
solver=planner
solved=1
soc=2821
soc_lb=2135
makespan=48
makespan_lb=48
sum_of_loss=2529
sum_of_loss_lb=2135
comp_time=285
seed=0
starts=(22,30),(2,14),(26,4),(7,19),(1,20),(15,10),(28,24),(8,23),(10,18),(23,17),(2,23),(8,16),(10,24),(22,27),(11,28),(22,3),(17,22),(26,29),(8,19),(9,24),(14,28),(7,22),(3,25),(9,11),(20,6),(0,3),(24,9),(12,10),(23,16),(18,25),(14,0),(14,6),(26,22),(15,22),(0,26),(18,26),(13,25),(10,27),(30,18),(31,2),(14,13),(20,26),(11,0),(23,30),(23,27),(17,7),(21,27),(12,3),(3,13),(27,18),(2,9),(2,13),(30,15),(25,3),(23,18),(18,28),(6,4),(9,8),(19,20),(20,3),(24,6),(8,22),(8,10),(20,0),(27,13),(23,1),(18,6),(19,27),(31,30),(4,17),(23,9),(21,18),(3,6),(23,6),(28,0),(4,10),(18,21),(25,2),(23,10),(24,19),(21,15),(15,0),(16,20),(31,19),(28,3),(14,30),(16,11),(30,4),(3,22),(1,21),(30,11),(29,11),(30,10),(14,4),(10,17),(29,28),(10,15),(6,0),(10,21),(22,12),
goals=(4,8),(31,29),(2,19),(24,24),(16,25),(13,20),(8,20),(18,17),(2,26),(9,28),(14,23),(5,25),(10,4),(10,25),(13,2),(0,20),(24,10),(1,17),(20,20),(7,19),(15,21),(19,23),(13,8),(19,25),(27,16),(9,9),(15,11),(6,5),(1,14),(5,15),(19,16),(3,27),(19,7),(4,17),(22,26),(7,16),(29,5),(8,0),(2,17),(19,29),(11,22),(1,5),(23,16),(21,10),(5,27),(25,11),(6,22),(12,22),(21,18),(13,25),(15,6),(15,27),(15,31),(26,21),(31,15),(16,14),(25,27),(10,3),(6,21),(1,22),(22,1),(23,24),(10,18),(23,9),(14,24),(13,23),(5,3),(11,18),(10,24),(15,10),(13,19),(15,17),(5,14),(1,6),(25,8),(2,18),(22,3),(23,0),(27,21),(4,23),(26,25),(8,4),(23,29),(26,16),(11,15),(21,14),(6,26),(22,15),(9,10),(12,6),(23,4),(4,31),(11,20),(12,25),(30,30),(3,10),(7,6),(29,25),(10,14),(15,24),
solution=
0:(22,30),(2,14),(26,4),(7,19),(1,20),(15,10),(28,24),(8,23),(10,18),(23,17),(2,23),(8,16),(10,24),(22,27),(11,28),(22,3),(17,22),(26,29),(8,19),(9,24),(14,28),(7,22),(3,25),(9,11),(20,6),(0,3),(24,9),(12,10),(23,16),(18,25),(14,0),(14,6),(26,22),(15,22),(0,26),(18,26),(13,25),(10,27),(30,18),(31,2),(14,13),(20,26),(11,0),(23,30),(23,27),(17,7),(21,27),(12,3),(3,13),(27,18),(2,9),(2,13),(30,15),(25,3),(23,18),(18,28),(6,4),(9,8),(19,20),(20,3),(24,6),(8,22),(8,10),(20,0),(27,13),(23,1),(18,6),(19,27),(31,30),(4,17),(23,9),(21,18),(3,6),(23,6),(28,0),(4,10),(18,21),(25,2),(23,10),(24,19),(21,15),(15,0),(16,20),(31,19),(28,3),(14,30),(16,11),(30,4),(3,22),(1,21),(30,11),(29,11),(30,10),(14,4),(10,17),(29,28),(10,15),(6,0),(10,21),(22,12),
1:(21,30),(3,14),(26,5),(7,20),(2,20),(15,11),(27,24),(9,23),(10,19),(22,17),(3,23),(8,17),(10,23),(21,27),(12,28),(22,4),(18,22),(26,28),(9,19),(8,24),(14,27),(7,23),(4,25),(10,11),(20,7),(1,3),(24,10),(11,10),(23,17),(17,25),(15,0),(13,6),(26,21),(15,21),(0,25),(17,26),(13,24),(10,26),(29,18),(30,2),(14,14),(20,25),(12,0),(23,29),(22,27),(18,7),(20,27),(13,3),(4,13),(27,19),(3,9),(2,14),(29,15),(25,4),(24,18),(18,27),(7,4),(10,8),(19,21),(19,3),(23,6),(8,23),(9,10),(20,1),(26,13),(22,1),(18,5),(19,26),(31,29),(5,17),(22,9),(20,18),(3,7),(22,6),(28,1),(3,10),(18,20),(24,2),(23,11),(24,20),(21,16),(15,1),(17,20),(30,19),(28,4),(14,29),(16,12),(29,4),(4,22),(1,20),(30,10),(28,11),(29,10),(13,4),(10,18),(28,28),(10,14),(6,1),(10,20),(22,13),
2:(21,29),(3,15),(26,6),(7,21),(2,21),(14,11),(27,23),(10,23),(9,19),(21,17),(4,23),(7,17),(10,22),(20,27),(12,27),(21,4),(19,22),(25,28),(9,20),(7,24),(15,27),(8,23),(5,25),(11,11),(21,7),(1,4),(23,10),(10,10),(22,17),(17,24),(15,1),(13,7),(26,20),(15,20),(1,25),(17,25),(14,24),(10,25),(28,18),(29,2),(13,14),(20,24),(13,0),(23,28),(21,27),(19,7),(19,27),(13,4),(5,13),(27,20),(3,8),(3,14),(28,15),(25,5),(24,17),(18,26),(7,5),(10,7),(18,21),(18,3),(23,5),(9,23),(9,11),(20,2),(26,14),(22,2),(17,5),(19,25),(30,29),(5,16),(22,10),(20,17),(4,7),(21,6),(27,1),(2,10),(18,19),(24,1),(24,11),(23,20),(22,16),(14,1),(17,21),(29,19),(27,4),(14,28),(15,12),(28,4),(5,22),(1,19),(30,9),(27,11),(29,11),(13,5),(11,18),(27,28),(10,13),(6,2),(10,19),(21,13),
3:(20,29),(4,15),(26,7),(8,21),(3,21),(14,11),(27,22),(10,22),(9,20),(21,18),(5,23),(7,18),(10,21),(19,27),(12,26),(21,5),(19,21),(25,27),(10,20),(7,23),(15,26),(9,23),(6,25),(12,11),(22,7),(2,4),(22,10),(10,9),(21,17),(16,24),(16,1),(13,8),(25,20),(15,19),(2,25),(16,25),(14,23),(10,24),(27,18),(28,2),(13,15),(19,24),(13,1),(23,27),(20,27),(20,7),(18,27),(13,5),(6,13),(26,20),(3,7),(3,15),(27,15),(25,6),(25,17),(17,26),(8,5),(10,6),(17,21),(17,3),(23,4),(9,24),(10,11),(20,3),(26,15),(21,2),(16,5),(18,25),(29,29),(6,16),(22,11),(19,17),(4,8),(20,6),(27,2),(2,11),(19,19),(24,0),(25,11),(23,21),(22,17),(14,2),(17,22),(29,18),(27,5),(14,27),(14,12),(27,4),(5,21),(2,19),(30,8),(26,11),(28,11),(13,6),(12,18),(26,28),(10,12),(6,3),(10,18),(20,13),
4:(19,29),(4,16),(25,7),(9,21),(3,22),(14,12),(26,22),(10,21),(8,20),(21,19),(6,23),(7,19),(10,20),(18,27),(12,25),(21,6),(19,20),(25,26),(11,20),(7,22),(15,25),(9,23),(7,25),(12,12),(22,8),(2,5),(21,10),(10,8),(20,17),(16,23),(16,2),(13,9),(24,20),(14,19),(3,25),(16,24),(15,23),(10,23),(27,17),(28,3),(13,16),(19,23),(13,2),(22,27),(19,27),(20,8),(17,27),(13,6),(6,14),(25,20),(4,7),(4,15),(27,16),(25,6),(26,17),(17,25),(8,6),(10,5),(16,21),(16,3),(23,3),(9,25),(10,12),(20,4),(25,15),(21,3),(15,5),(18,24),(28,29),(7,16),(21,11),(18,17),(4,9),(19,6),(27,3),(2,12),(20,19),(23,0),(25,12),(22,21),(22,18),(14,3),(17,23),(29,17),(26,5),(15,27),(14,13),(26,4),(5,20),(2,18),(29,8),(25,11),(28,12),(13,7),(12,19),(26,27),(9,12),(6,4),(10,17),(20,14),
5:(19,28),(5,16),(25,8),(10,21),(3,23),(14,13),(26,21),(10,20),(8,21),(21,20),(7,23),(7,20),(10,19),(18,26),(12,24),(21,7),(19,19),(25,25),(12,20),(7,21),(15,25),(10,23),(8,25),(12,13),(22,9),(3,5),(20,10),(10,7),(19,17),(16,22),(16,3),(13,10),(23,20),(14,18),(4,25),(15,24),(16,23),(10,22),(26,17),(27,3),(12,16),(19,22),(13,3),(22,26),(18,27),(21,8),(17,26),(13,7),(6,15),(25,21),(5,7),(4,16),(26,16),(25,7),(26,18),(16,25),(9,6),(10,4),(15,21),(16,4),(23,2),(10,25),(10,13),(20,4),(25,16),(21,4),(14,5),(17,24),(27,29),(8,16),(21,12),(17,17),(4,10),(18,6),(27,4),(2,13),(20,18),(23,0),(25,13),(21,21),(23,18),(14,4),(18,23),(29,16),(26,6),(16,27),(13,13),(26,5),(5,19),(3,18),(29,7),(25,12),(28,13),(13,8),(13,19),(26,26),(9,11),(6,5),(10,16),(19,14),
6:(19,27),(6,16),(25,9),(11,21),(4,23),(14,14),(25,21),(11,20),(8,22),(21,21),(8,23),(7,21),(10,18),(18,25),(12,23),(21,8),(20,19),(25,24),(12,20),(8,21),(15,24),(11,23),(9,25),(12,14),(22,10),(4,5),(19,10),(10,6),(18,17),(15,22),(16,4),(12,10),(22,20),(13,18),(5,25),(14,24),(16,22),(10,21),(25,17),(26,3),(11,16),(18,22),(13,4),(22,25),(17,27),(22,8),(17,25),(13,8),(7,15),(24,21),(6,7),(4,17),(26,17),(25,8),(27,18),(16,25),(9,7),(10,3),(14,21),(16,5),(23,1),(11,25),(10,14),(21,4),(24,16),(21,5),(13,5),(16,24),(26,29),(9,16),(21,13),(16,17),(4,11),(17,6),(26,4),(2,14),(20,17),(23,0),(25,14),(20,21),(23,19),(14,4),(19,23),(28,16),(25,6),(16,26),(13,14),(25,5),(5,18),(3,17),(28,7),(25,13),(28,14),(13,9),(13,20),(25,26),(9,10),(7,5),(10,15),(19,15),
7:(18,27),(6,17),(25,10),(12,21),(4,24),(14,15),(24,21),(11,19),(7,22),(20,21),(9,23),(7,21),(10,17),(17,25),(12,22),(21,9),(20,18),(24,24),(13,20),(8,20),(15,23),(12,23),(10,25),(13,14),(23,10),(5,5),(18,10),(9,6),(17,17),(15,21),(16,5),(11,10),(21,20),(12,18),(6,25),(14,23),(17,22),(10,20),(24,17),(26,4),(11,17),(18,21),(13,5),(22,24),(16,27),(23,8),(17,24),(13,9),(7,16),(24,22),(7,7),(4,18),(26,18),(25,9),(28,18),(16,24),(10,7),(10,3),(14,21),(16,6),(22,1),(12,25),(10,15),(21,5),(23,16),(21,6),(12,5),(15,24),(25,29),(9,15),(21,14),(15,17),(4,12),(17,6),(25,4),(2,15),(21,17),(23,0),(26,14),(20,22),(23,20),(13,4),(19,24),(27,16),(24,6),(17,26),(13,15),(25,6),(5,17),(4,17),(28,6),(25,14),(28,15),(13,10),(13,21),(25,25),(8,10),(7,6),(10,16),(19,16),
8:(17,27),(7,17),(25,11),(13,21),(4,25),(14,16),(24,20),(12,19),(7,23),(20,22),(10,23),(7,22),(10,16),(16,25),(12,21),(21,10),(21,18),(23,24),(13,20),(8,19),(15,22),(12,23),(11,25),(13,15),(23,11),(6,5),(18,11),(8,6),(16,17),(14,21),(17,5),(11,11),(21,19),(11,18),(7,25),(13,23),(17,21),(10,19),(23,17),(26,5),(11,17),(18,20),(13,6),(22,23),(15,27),(24,8),(17,23),(13,10),(8,16),(24,23),(7,8),(5,18),(25,18),(25,10),(29,18),(16,23),(11,7),(10,3),(14,20),(16,7),(22,1),(13,25),(11,15),(21,6),(22,16),(21,7),(12,4),(15,23),(24,29),(9,14),(21,15),(15,17),(4,13),(16,6),(25,5),(2,16),(21,16),(23,0),(26,15),(19,22),(23,21),(13,4),(20,24),(26,16),(23,6),(17,25),(13,16),(25,7),(5,16),(5,17),(28,5),(24,14),(28,16),(12,10),(13,22),(25,24),(7,10),(7,7),(10,15),(19,17),
9:(17,26),(7,18),(25,12),(13,20),(5,25),(13,16),(23,20),(13,19),(7,24),(19,22),(11,23),(7,23),(10,15),(15,25),(12,20),(20,10),(21,17),(22,24),(14,20),(7,19),(15,21),(12,22),(11,24),(14,15),(24,11),(7,5),(17,11),(7,6),(15,17),(13,21),(18,5),(10,11),(21,18),(11,17),(8,25),(12,23),(18,21),(10,18),(22,17),(26,6),(10,17),(17,20),(14,6),(21,23),(14,27),(24,9),(16,23),(12,10),(8,17),(24,23),(8,8),(5,19),(25,19),(25,11),(29,17),(16,22),(12,7),(10,3),(14,21),(15,7),(22,1),(14,25),(11,16),(21,7),(21,16),(21,8),(12,3),(14,23),(23,29),(9,14),(21,14),(14,17),(5,13),(15,6),(25,6),(2,17),(21,15),(23,0),(27,15),(18,22),(23,22),(12,4),(20,25),(26,16),(22,6),(18,25),(13,17),(25,8),(5,15),(6,17),(27,5),(23,14),(27,16),(12,11),(13,23),(24,24),(7,9),(7,8),(10,14),(19,18),
10:(17,25),(7,19),(25,13),(13,21),(6,25),(13,17),(22,20),(14,19),(7,25),(19,23),(11,22),(7,24),(10,14),(15,24),(12,19),(19,10),(21,16),(22,23),(15,20),(7,20),(15,21),(12,23),(12,24),(14,16),(24,12),(8,5),(16,11),(7,5),(14,17),(12,21),(18,6),(9,11),(21,18),(12,17),(9,25),(11,23),(19,21),(10,17),(21,17),(26,7),(11,17),(16,20),(15,6),(21,22),(14,28),(24,10),(16,23),(12,11),(9,17),(24,24),(9,8),(5,20),(25,20),(25,12),(29,16),(16,21),(13,7),(10,3),(14,21),(14,7),(22,1),(15,25),(10,16),(21,8),(20,16),(21,9),(11,3),(15,23),(23,28),(9,14),(20,14),(14,18),(5,13),(15,5),(25,7),(2,18),(21,14),(23,0),(27,16),(18,23),(24,22),(11,4),(20,26),(26,16),(22,7),(18,24),(13,18),(24,8),(5,14),(7,17),(26,5),(23,15),(27,17),(12,12),(14,23),(23,24),(7,8),(8,8),(10,13),(19,19),
11:(17,24),(7,20),(24,13),(14,21),(7,25),(13,18),(21,20),(14,18),(7,26),(18,23),(11,23),(7,24),(10,13),(15,25),(12,18),(19,11),(21,15),(21,23),(15,19),(6,20),(15,21),(13,23),(12,23),(15,16),(25,12),(8,6),(15,11),(6,5),(14,16),(12,20),(18,7),(9,12),(21,17),(11,17),(10,25),(10,23),(19,20),(10,16),(20,17),(25,7),(11,18),(15,20),(16,6),(21,21),(13,28),(25,10),(15,23),(12,12),(10,17),(24,25),(10,8),(5,21),(24,20),(25,13),(30,16),(16,20),(13,8),(10,2),(14,20),(13,7),(22,1),(16,25),(10,15),(21,9),(19,16),(20,9),(10,3),(14,23),(23,27),(10,14),(19,14),(14,17),(5,14),(15,6),(25,8),(2,18),(21,13),(23,0),(27,17),(17,23),(24,23),(10,4),(20,27),(26,16),(21,7),(19,24),(13,19),(23,8),(6,14),(8,17),(25,5),(23,16),(26,17),(12,13),(14,24),(22,24),(7,7),(9,8),(10,12),(18,19),
12:(16,24),(8,20),(24,14),(15,21),(8,25),(13,19),(20,20),(14,17),(6,26),(17,23),(11,23),(7,25),(10,12),(14,25),(12,17),(18,11),(22,15),(21,22),(16,19),(6,19),(15,22),(12,23),(12,22),(16,16),(26,12),(9,6),(15,11),(6,5),(13,16),(11,20),(18,8),(8,12),(21,16),(11,16),(11,25),(9,23),(19,19),(10,15),(19,17),(25,8),(11,19),(15,19),(17,6),(21,20),(12,28),(25,11),(14,23),(12,13),(11,17),(23,25),(11,8),(5,22),(24,21),(25,14),(30,15),(16,20),(13,9),(10,3),(13,20),(12,7),(22,1),(17,25),(9,15),(22,9),(19,16),(19,9),(9,3),(13,23),(22,27),(10,13),(19,15),(15,17),(5,14),(14,6),(25,9),(2,18),(21,12),(23,0),(27,18),(16,23),(24,24),(9,4),(21,27),(26,16),(20,7),(19,23),(12,19),(23,9),(6,13),(8,16),(24,5),(22,16),(25,17),(12,14),(15,24),(22,23),(7,6),(9,9),(10,11),(18,20),
13:(16,23),(9,20),(24,15),(16,21),(9,25),(13,20),(19,20),(15,17),(5,26),(17,24),(11,23),(6,25),(10,11),(13,25),(12,16),(17,11),(23,15),(20,22),(17,19),(7,19),(15,21),(12,24),(12,21),(17,16),(26,13),(9,7),(15,11),(6,5),(13,16),(10,20),(18,9),(8,13),(21,15),(10,16),(12,25),(8,23),(20,19),(10,14),(18,17),(25,9),(11,20),(14,19),(17,7),(21,19),(11,28),(25,11),(13,23),(12,14),(12,17),(22,25),(11,8),(6,22),(24,22),(25,15),(31,15),(16,19),(13,10),(10,3),(13,21),(11,7),(22,1),(18,25),(10,15),(22,8),(19,17),(19,10),(8,3),(12,23),(22,26),(10,12),(19,16),(15,16),(5,14),(13,6),(25,10),(2,18),(21,11),(23,0),(27,19),(15,23),(25,24),(8,4),(22,27),(26,16),(19,7),(19,22),(11,19),(22,9),(7,13),(9,16),(23,5),(22,17),(25,18),(12,15),(15,25),(21,23),(7,6),(9,10),(10,10),(18,21),
14:(15,23),(9,21),(23,15),(16,22),(10,25),(13,20),(18,20),(16,17),(4,26),(16,24),(11,23),(5,25),(11,11),(13,26),(12,15),(17,12),(23,14),(20,21),(18,19),(7,19),(15,21),(13,24),(12,20),(17,16),(26,14),(9,8),(15,11),(6,5),(12,16),(9,20),(19,9),(7,13),(21,14),(10,17),(13,25),(7,23),(21,19),(10,13),(17,17),(25,10),(11,21),(14,18),(17,8),(21,18),(10,28),(26,11),(12,23),(12,13),(13,17),(21,25),(10,8),(6,23),(24,23),(25,16),(31,15),(16,18),(14,10),(10,3),(12,21),(11,8),(22,1),(19,25),(10,16),(22,9),(19,18),(19,11),(7,3),(12,22),(22,25),(10,12),(19,17),(15,17),(5,14),(12,6),(25,11),(2,18),(21,10),(23,0),(27,20),(14,23),(25,25),(8,4),(23,27),(26,16),(18,7),(20,22),(10,19),(22,10),(6,13),(9,15),(23,4),(21,17),(25,19),(12,14),(16,25),(21,22),(7,6),(10,10),(10,11),(17,21),
15:(14,23),(9,22),(23,16),(17,22),(11,25),(13,20),(17,20),(16,18),(3,26),(16,25),(12,23),(5,25),(11,11),(12,26),(12,14),(16,12),(24,14),(20,20),(18,20),(7,19),(15,21),(14,24),(12,19),(17,17),(26,15),(9,9),(15,11),(6,5),(11,16),(9,19),(19,10),(6,13),(21,13),(9,17),(14,25),(7,22),(22,19),(10,12),(16,17),(25,11),(10,21),(14,17),(17,9),(20,18),(9,28),(26,11),(12,22),(13,13),(13,17),(20,25),(10,7),(7,23),(24,24),(25,17),(31,15),(16,19),(14,11),(10,3),(11,21),(10,8),(22,1),(19,25),(10,17),(23,9),(19,19),(19,12),(6,3),(11,22),(21,25),(10,11),(19,18),(15,17),(5,14),(11,6),(25,12),(2,18),(21,9),(23,0),(27,21),(13,23),(26,25),(8,4),(23,28),(26,16),(17,7),(20,21),(10,20),(22,11),(6,12),(10,15),(23,4),(21,18),(24,19),(12,13),(16,26),(20,22),(7,6),(11,10),(9,11),(16,21),
16:(13,23),(10,22),(23,17),(18,22),(12,25),(13,20),(16,20),(16,17),(2,26),(16,26),(12,24),(5,25),(10,11),(11,26),(12,13),(16,13),(24,13),(19,20),(18,20),(7,19),(14,21),(14,23),(12,18),(18,17),(26,16),(9,9),(15,11),(6,5),(10,16),(8,19),(19,11),(6,14),(21,12),(8,17),(15,25),(7,21),(23,19),(10,12),(15,17),(24,11),(10,20),(13,17),(18,9),(20,17),(8,28),(26,11),(11,22),(13,14),(13,16),(19,25),(11,7),(8,23),(23,24),(25,18),(31,15),(16,18),(14,12),(10,3),(10,21),(10,9),(22,1),(18,25),(10,18),(23,9),(18,19),(19,13),(5,3),(11,21),(20,25),(10,10),(19,19),(15,16),(5,14),(10,6),(25,11),(2,18),(21,8),(23,0),(27,21),(12,23),(26,25),(8,4),(23,29),(27,16),(16,7),(20,20),(9,20),(22,12),(6,11),(10,14),(23,4),(20,18),(24,20),(13,13),(17,26),(20,21),(7,6),(11,11),(9,12),(15,21),
17:(12,23),(10,23),(22,17),(19,22),(13,25),(13,20),(15,20),(17,17),(2,26),(15,26),(13,24),(5,25),(11,11),(11,25),(12,12),(16,14),(24,12),(19,19),(19,20),(7,19),(15,21),(15,23),(12,18),(19,17),(27,16),(9,9),(15,11),(6,5),(9,16),(8,18),(19,12),(5,14),(21,11),(7,17),(16,25),(7,20),(24,19),(10,11),(14,17),(23,11),(11,20),(12,17),(18,10),(21,17),(7,28),(25,11),(10,22),(13,15),(13,17),(18,25),(11,6),(9,23),(23,25),(25,19),(31,15),(16,17),(15,12),(10,3),(9,21),(10,10),(22,1),(18,24),(10,18),(23,9),(17,19),(19,14),(5,3),(11,21),(19,25),(11,10),(18,19),(15,17),(5,15),(9,6),(25,10),(2,18),(21,7),(23,0),(27,21),(11,23),(26,25),(8,4),(23,29),(28,16),(16,8),(21,20),(8,20),(22,13),(6,10),(10,13),(23,4),(19,18),(23,20),(13,14),(18,26),(19,21),(7,6),(12,11),(10,12),(15,22),
18:(12,22),(10,24),(21,17),(20,22),(14,25),(13,20),(14,20),(18,17),(2,26),(15,27),(13,23),(5,25),(11,10),(10,25),(12,13),(16,15),(24,11),(18,19),(20,20),(8,19),(15,21),(16,23),(12,17),(19,18),(26,16),(9,9),(15,11),(6,5),(8,16),(8,17),(19,13),(5,15),(21,10),(6,17),(16,25),(7,19),(25,19),(11,11),(13,17),(23,12),(11,19),(12,16),(19,10),(21,16),(6,28),(25,11),(9,22),(13,16),(13,18),(17,25),(12,6),(9,24),(22,25),(25,20),(31,15),(16,16),(16,12),(10,3),(9,21),(10,11),(22,1),(18,25),(10,18),(23,9),(16,19),(19,15),(5,3),(11,20),(19,24),(12,10),(17,19),(15,17),(5,16),(8,6),(25,9),(2,18),(21,6),(23,0),(27,21),(10,23),(26,25),(8,4),(23,29),(27,16),(16,9),(21,19),(8,21),(22,14),(7,10),(10,12),(23,4),(19,19),(22,20),(12,14),(18,27),(18,21),(7,6),(12,12),(9,12),(15,23),
19:(12,21),(11,24),(20,17),(21,22),(15,25),(12,20),(13,20),(18,17),(2,26),(14,27),(14,23),(5,25),(11,9),(10,25),(12,14),(16,16),(24,10),(18,18),(20,20),(7,19),(15,21),(17,23),(12,16),(19,19),(27,16),(9,9),(15,11),(6,5),(7,16),(7,17),(19,14),(5,16),(20,10),(5,17),(17,25),(7,18),(25,18),(10,11),(12,17),(22,12),(11,20),(11,16),(19,11),(21,15),(6,27),(25,11),(9,22),(13,17),(13,19),(17,24),(13,6),(10,24),(22,26),(26,20),(31,15),(15,16),(17,12),(10,3),(8,21),(9,11),(22,1),(19,25),(10,18),(23,9),(16,20),(18,15),(5,3),(10,20),(18,24),(13,10),(16,19),(15,17),(4,16),(7,6),(25,8),(2,18),(21,5),(23,0),(27,21),(9,23),(26,25),(8,4),(23,29),(27,15),(16,10),(21,18),(8,22),(22,15),(8,10),(10,12),(23,4),(19,20),(21,20),(12,15),(18,28),(18,20),(7,5),(12,13),(9,12),(15,24),
20:(12,20),(12,24),(20,17),(21,23),(16,25),(13,20),(13,19),(19,17),(2,26),(14,28),(14,23),(5,25),(11,8),(10,25),(12,13),(16,17),(24,10),(18,17),(20,19),(7,19),(15,21),(18,23),(12,17),(19,20),(27,16),(9,9),(15,11),(6,4),(6,16),(6,17),(19,15),(5,17),(20,9),(4,17),(18,25),(7,17),(26,18),(10,10),(11,17),(21,12),(11,21),(10,16),(19,12),(21,14),(5,27),(25,11),(8,22),(13,18),(14,19),(17,25),(14,6),(11,24),(22,27),(26,21),(31,15),(16,16),(18,12),(10,3),(7,21),(9,12),(22,1),(20,25),(10,18),(23,9),(15,20),(17,15),(5,3),(11,20),(17,24),(14,10),(15,19),(15,17),(4,15),(7,5),(25,8),(2,18),(21,4),(23,0),(27,21),(8,23),(26,25),(8,4),(23,29),(26,15),(16,11),(21,17),(7,22),(22,15),(9,10),(10,11),(23,4),(19,21),(20,20),(12,16),(18,29),(18,19),(6,5),(13,13),(10,12),(15,24),
21:(12,19),(13,24),(19,17),(22,23),(15,25),(12,20),(13,20),(18,17),(2,26),(13,28),(14,23),(5,25),(11,7),(10,25),(12,12),(15,17),(24,10),(17,17),(20,20),(7,19),(16,21),(19,23),(12,16),(19,21),(27,16),(9,9),(14,11),(6,3),(5,16),(5,17),(19,16),(5,18),(20,8),(4,17),(19,25),(7,16),(27,18),(10,9),(10,17),(21,13),(11,22),(10,15),(19,13),(21,14),(5,27),(25,11),(7,22),(12,18),(15,19),(16,25),(15,6),(11,25),(21,27),(26,21),(31,15),(16,15),(18,13),(10,3),(6,21),(8,12),(22,1),(21,25),(10,18),(23,9),(15,21),(17,16),(5,3),(11,19),(16,24),(15,10),(16,19),(14,17),(5,15),(6,5),(25,8),(2,18),(21,3),(23,0),(27,21),(8,23),(26,25),(8,4),(23,29),(26,16),(15,11),(21,16),(7,23),(22,15),(9,10),(11,11),(23,4),(19,22),(19,20),(12,15),(19,29),(17,19),(6,4),(13,14),(10,13),(15,24),
22:(12,18),(13,25),(18,17),(22,24),(15,26),(12,21),(12,20),(18,18),(2,26),(12,28),(14,23),(5,25),(11,6),(10,25),(12,11),(14,17),(24,10),(16,17),(20,20),(7,19),(15,21),(19,24),(11,16),(19,22),(27,16),(9,9),(15,11),(6,4),(4,16),(5,16),(19,16),(5,19),(20,7),(4,17),(20,25),(7,16),(28,18),(10,8),(9,17),(21,14),(11,22),(10,14),(20,13),(20,14),(5,27),(25,11),(6,22),(13,18),(15,20),(15,25),(15,6),(11,26),(20,27),(26,21),(31,15),(16,14),(19,13),(10,3),(6,21),(8,13),(22,1),(22,25),(10,18),(23,9),(15,22),(16,16),(5,3),(11,18),(15,24),(15,10),(15,19),(14,18),(5,14),(5,5),(25,8),(2,18),(22,3),(23,0),(27,21),(7,23),(26,25),(8,4),(23,29),(26,16),(15,12),(21,15),(7,24),(22,15),(9,10),(11,10),(23,4),(19,23),(18,20),(12,16),(20,29),(16,19),(7,4),(13,15),(10,13),(15,23),
23:(11,18),(14,25),(17,17),(23,24),(16,26),(12,20),(11,20),(18,17),(2,26),(11,28),(14,23),(5,25),(10,6),(10,25),(12,10),(13,17),(24,10),(15,17),(20,20),(7,19),(15,21),(19,25),(11,15),(19,23),(27,16),(9,9),(15,11),(6,5),(3,16),(5,15),(19,16),(5,20),(19,7),(4,17),(21,25),(7,16),(29,18),(10,7),(8,17),(21,15),(11,22),(10,13),(21,13),(21,14),(5,27),(25,11),(6,22),(12,18),(16,20),(15,25),(15,6),(12,26),(20,28),(26,21),(31,15),(16,14),(20,13),(10,3),(6,21),(7,13),(22,1),(23,25),(10,18),(23,9),(15,23),(15,16),(5,3),(11,19),(14,24),(15,10),(14,19),(14,17),(5,14),(4,5),(25,8),(2,18),(22,3),(23,0),(27,21),(6,23),(26,25),(8,4),(23,29),(26,16),(15,13),(22,15),(7,25),(23,15),(9,10),(11,9),(23,4),(19,24),(17,20),(12,17),(20,30),(15,19),(7,5),(13,16),(10,12),(15,24),
24:(11,17),(15,25),(16,17),(24,24),(16,26),(13,20),(10,20),(18,17),(2,26),(10,28),(14,24),(5,25),(10,5),(10,25),(13,10),(12,17),(24,10),(14,17),(20,20),(7,19),(15,21),(20,25),(11,14),(19,24),(27,16),(9,9),(15,11),(6,5),(2,16),(5,15),(19,16),(5,21),(19,7),(4,17),(22,25),(7,16),(29,17),(10,6),(7,17),(21,16),(11,22),(10,12),(22,13),(21,13),(5,27),(25,11),(6,22),(12,19),(16,19),(16,25),(15,6),(12,27),(20,29),(26,21),(31,15),(16,14),(20,14),(10,3),(6,21),(6,13),(22,1),(23,24),(10,18),(23,9),(14,23),(15,17),(5,3),(11,18),(13,24),(15,10),(13,19),(13,17),(5,14),(3,5),(25,8),(2,18),(22,3),(23,0),(27,21),(5,23),(26,25),(8,4),(23,29),(26,16),(15,14),(21,15),(7,26),(22,15),(9,10),(11,8),(23,4),(19,25),(16,20),(12,18),(21,30),(14,19),(7,6),(14,16),(9,12),(15,24),
25:(10,17),(15,26),(15,17),(24,24),(16,25),(13,20),(9,20),(18,17),(2,26),(9,28),(14,23),(5,25),(10,4),(10,25),(13,9),(11,17),(24,10),(13,17),(20,20),(7,19),(15,21),(19,25),(12,14),(19,24),(27,16),(9,9),(15,11),(6,5),(1,16),(5,15),(19,16),(5,22),(19,7),(4,17),(22,26),(7,16),(29,16),(10,5),(6,17),(20,16),(11,22),(10,11),(22,14),(21,12),(5,27),(25,11),(6,22),(12,20),(17,19),(15,25),(15,6),(13,27),(19,29),(26,21),(31,15),(16,14),(21,14),(10,3),(6,21),(5,13),(22,1),(23,24),(10,18),(23,9),(15,23),(15,16),(5,3),(11,18),(12,24),(15,10),(13,19),(13,18),(5,14),(3,6),(25,8),(2,18),(22,3),(23,0),(27,21),(4,23),(26,25),(8,4),(23,29),(26,16),(14,14),(21,15),(6,26),(22,15),(9,10),(11,7),(23,4),(19,26),(15,20),(12,19),(22,30),(14,18),(7,6),(14,17),(10,12),(15,24),
26:(9,17),(15,27),(15,16),(24,24),(16,25),(13,20),(8,20),(18,17),(2,26),(9,28),(14,23),(5,25),(9,4),(10,25),(13,8),(10,17),(24,10),(12,17),(20,20),(7,19),(15,21),(19,24),(12,13),(20,24),(27,16),(9,9),(15,11),(6,5),(1,15),(5,15),(19,15),(4,22),(19,7),(4,17),(22,26),(7,16),(29,15),(10,4),(5,17),(19,16),(11,22),(10,10),(23,14),(21,11),(5,27),(25,11),(6,22),(12,21),(18,19),(14,25),(15,6),(14,27),(19,30),(26,21),(31,15),(16,14),(21,15),(10,3),(6,21),(5,14),(22,1),(23,24),(10,18),(23,9),(15,24),(14,16),(5,3),(11,18),(11,24),(15,10),(13,19),(13,17),(6,14),(2,6),(25,8),(2,18),(22,3),(23,0),(27,21),(4,23),(26,25),(8,4),(23,29),(26,16),(13,14),(21,16),(6,26),(22,15),(9,10),(12,7),(23,4),(18,26),(14,20),(12,20),(23,30),(13,18),(7,6),(15,17),(10,13),(15,25),
27:(9,16),(16,27),(15,17),(24,24),(16,25),(13,21),(8,20),(18,17),(2,26),(9,28),(14,23),(5,25),(9,3),(10,25),(13,7),(9,17),(24,10),(11,17),(20,20),(7,19),(15,21),(19,23),(12,12),(20,25),(27,16),(9,9),(15,11),(6,5),(1,14),(6,15),(19,16),(4,23),(19,7),(4,16),(22,26),(7,16),(29,14),(9,4),(4,17),(19,17),(11,22),(10,9),(23,15),(21,10),(5,27),(25,11),(6,22),(12,22),(19,19),(13,25),(15,6),(15,27),(18,30),(26,21),(31,15),(16,14),(21,16),(10,3),(6,21),(5,15),(22,1),(23,24),(10,18),(23,9),(14,24),(13,16),(5,3),(11,18),(10,24),(15,10),(13,19),(14,17),(5,14),(1,6),(25,8),(2,18),(22,3),(23,0),(27,21),(4,24),(26,25),(8,4),(23,29),(26,16),(12,14),(22,16),(6,26),(22,15),(9,10),(12,6),(23,4),(17,26),(13,20),(12,21),(24,30),(12,18),(7,6),(16,17),(10,14),(15,24),
28:(8,16),(17,27),(14,17),(24,24),(16,25),(13,20),(8,20),(18,17),(2,26),(9,28),(14,23),(5,25),(10,3),(10,25),(13,6),(8,17),(24,10),(10,17),(20,20),(7,19),(15,21),(19,23),(12,11),(19,25),(27,16),(9,9),(15,11),(6,5),(1,14),(5,15),(19,16),(3,23),(19,7),(4,17),(22,26),(7,16),(29,13),(9,3),(3,17),(19,18),(11,22),(10,8),(23,16),(21,10),(5,27),(25,11),(6,22),(13,22),(20,19),(13,25),(15,6),(15,27),(18,31),(26,21),(31,15),(16,14),(22,16),(11,3),(6,21),(4,15),(22,1),(23,24),(10,18),(23,9),(14,24),(13,17),(5,3),(11,19),(10,24),(15,10),(13,19),(14,18),(5,14),(1,6),(25,8),(2,18),(22,3),(23,0),(27,21),(4,23),(26,25),(8,4),(23,29),(26,16),(12,15),(22,15),(6,26),(22,14),(9,10),(12,6),(23,4),(16,26),(12,20),(12,22),(25,30),(11,18),(7,6),(16,18),(10,14),(15,24),
29:(7,16),(18,27),(13,17),(24,24),(16,25),(13,20),(8,20),(18,17),(2,26),(9,28),(14,23),(5,25),(10,4),(10,25),(13,5),(7,17),(24,10),(9,17),(20,20),(7,19),(15,21),(19,23),(12,10),(19,25),(27,16),(9,9),(15,11),(6,5),(1,14),(5,15),(19,16),(3,24),(19,7),(4,17),(22,26),(7,15),(29,12),(9,2),(2,17),(19,19),(11,22),(9,8),(23,17),(21,10),(5,27),(25,11),(6,22),(12,22),(20,18),(13,25),(15,6),(15,27),(17,31),(26,21),(31,15),(16,14),(23,16),(10,3),(6,21),(4,16),(22,1),(23,24),(10,18),(23,9),(14,24),(13,18),(5,3),(11,18),(10,24),(15,10),(13,19),(14,17),(5,14),(1,6),(25,8),(2,18),(22,3),(23,0),(27,21),(4,23),(26,25),(8,4),(23,29),(26,16),(11,15),(22,14),(6,26),(23,14),(9,10),(12,6),(23,4),(15,26),(11,20),(12,23),(26,30),(11,17),(7,6),(16,19),(10,14),(15,24),
30:(6,16),(19,27),(12,17),(24,24),(16,25),(13,20),(8,20),(18,17),(2,26),(9,28),(14,23),(5,25),(10,4),(10,25),(13,4),(6,17),(24,10),(8,17),(20,20),(7,19),(15,21),(19,23),(13,10),(19,25),(27,16),(9,9),(15,11),(6,5),(1,14),(5,15),(19,16),(3,25),(19,7),(4,18),(22,26),(7,16),(29,11),(9,1),(2,17),(19,20),(11,22),(8,8),(22,17),(21,10),(5,27),(25,11),(6,22),(12,22),(21,18),(13,25),(15,6),(16,27),(16,31),(26,21),(31,15),(16,14),(23,17),(10,3),(6,21),(4,17),(22,1),(23,24),(10,18),(23,9),(14,24),(13,19),(5,3),(11,18),(10,24),(15,10),(14,19),(15,17),(5,14),(1,6),(25,8),(2,18),(22,3),(23,0),(27,21),(4,23),(26,25),(8,4),(23,29),(26,16),(11,15),(21,14),(6,26),(23,15),(9,10),(12,6),(23,4),(15,27),(11,20),(12,24),(27,30),(11,16),(7,6),(16,20),(10,14),(15,24),
31:(5,16),(20,27),(11,17),(24,24),(16,25),(13,21),(8,20),(18,17),(2,26),(9,28),(14,23),(5,25),(10,4),(10,25),(13,3),(5,17),(24,10),(7,17),(20,20),(7,19),(15,21),(19,23),(13,9),(19,25),(27,16),(9,9),(15,11),(6,5),(1,14),(5,15),(19,16),(3,26),(19,7),(4,17),(22,26),(7,16),(29,10),(9,0),(2,17),(19,21),(11,22),(7,8),(22,16),(21,10),(5,27),(25,11),(6,22),(12,22),(21,18),(13,25),(15,6),(15,27),(15,31),(26,21),(31,15),(16,14),(23,18),(10,3),(6,21),(3,17),(22,1),(23,24),(10,18),(23,9),(14,24),(13,20),(5,3),(11,18),(10,24),(15,10),(13,19),(15,17),(5,14),(1,6),(25,8),(2,18),(22,3),(23,0),(27,21),(4,23),(26,25),(8,4),(23,29),(26,16),(11,15),(21,14),(6,26),(22,15),(9,10),(12,6),(23,4),(14,27),(11,20),(12,25),(28,30),(10,16),(7,6),(16,21),(10,14),(15,24),
32:(5,15),(21,27),(10,17),(24,24),(16,25),(13,20),(8,20),(18,17),(2,26),(9,28),(14,23),(5,25),(10,4),(10,25),(13,2),(5,18),(24,10),(6,17),(20,20),(7,19),(15,21),(19,23),(13,8),(19,25),(27,16),(9,9),(15,11),(6,5),(1,14),(4,15),(19,16),(3,27),(19,7),(4,17),(22,26),(7,16),(29,9),(8,0),(1,17),(19,22),(11,22),(7,7),(23,16),(21,10),(5,27),(25,11),(6,22),(12,22),(21,18),(13,25),(15,6),(15,27),(15,31),(26,21),(31,15),(16,14),(23,19),(10,3),(6,21),(2,17),(22,1),(23,24),(10,18),(23,9),(14,24),(13,19),(5,3),(11,18),(10,24),(15,10),(13,18),(15,17),(5,14),(1,6),(25,8),(2,18),(22,3),(23,0),(27,21),(4,23),(26,25),(8,4),(23,29),(26,16),(11,15),(21,14),(6,26),(22,15),(9,10),(12,6),(23,4),(13,27),(11,20),(12,25),(29,30),(10,15),(7,6),(17,21),(10,14),(15,24),
33:(5,14),(22,27),(9,17),(24,24),(16,25),(12,20),(8,20),(18,17),(2,26),(9,28),(14,23),(5,25),(10,4),(10,25),(13,2),(4,18),(24,10),(5,17),(20,20),(7,19),(15,21),(19,24),(13,8),(19,25),(27,16),(9,9),(15,11),(6,5),(1,14),(5,15),(19,16),(3,27),(19,7),(4,17),(22,26),(7,16),(29,8),(8,0),(2,17),(19,23),(11,22),(7,6),(23,16),(21,10),(5,27),(25,11),(6,22),(12,22),(21,18),(13,25),(15,6),(15,27),(15,31),(26,21),(31,15),(16,14),(23,20),(10,3),(6,21),(2,18),(22,1),(23,24),(10,18),(23,9),(14,24),(13,20),(5,3),(11,18),(10,24),(15,10),(13,19),(15,17),(6,14),(1,6),(25,8),(2,19),(22,3),(23,0),(27,21),(4,23),(26,25),(8,4),(23,29),(26,16),(11,15),(21,14),(6,26),(22,15),(9,10),(12,6),(23,4),(13,28),(11,20),(12,25),(30,30),(10,14),(8,6),(17,22),(9,14),(15,24),
34:(5,13),(23,27),(8,17),(24,24),(16,25),(13,20),(8,20),(18,17),(2,26),(9,28),(14,23),(5,25),(10,4),(10,25),(13,2),(3,18),(24,10),(4,17),(20,20),(7,19),(15,21),(18,24),(13,8),(19,25),(27,16),(9,9),(15,11),(6,5),(1,14),(5,15),(19,16),(3,27),(19,7),(4,16),(22,26),(7,16),(29,7),(8,0),(2,17),(19,24),(11,22),(7,5),(23,16),(21,10),(5,27),(25,11),(6,22),(12,22),(21,18),(13,25),(15,6),(15,27),(15,31),(26,21),(31,15),(16,14),(23,21),(10,3),(6,21),(2,19),(22,1),(23,24),(10,18),(23,9),(14,24),(13,21),(5,3),(11,18),(10,24),(15,10),(13,19),(15,17),(5,14),(1,6),(25,8),(2,20),(22,3),(23,0),(27,21),(4,23),(26,25),(8,4),(23,29),(26,16),(11,15),(21,14),(6,26),(22,15),(9,10),(12,6),(23,4),(13,29),(11,20),(12,25),(30,30),(10,13),(7,6),(17,23),(10,14),(15,24),
35:(4,13),(24,27),(7,17),(24,24),(16,25),(13,20),(8,20),(18,17),(2,26),(9,28),(14,23),(5,25),(10,4),(10,25),(13,2),(2,18),(24,10),(3,17),(20,20),(7,19),(15,21),(19,24),(13,8),(20,25),(27,16),(9,9),(15,11),(6,4),(1,14),(5,15),(19,16),(3,27),(19,7),(4,17),(22,26),(7,16),(29,6),(8,0),(2,17),(19,25),(11,22),(6,5),(23,16),(21,10),(5,27),(25,11),(6,22),(12,22),(21,18),(13,25),(15,6),(15,27),(15,31),(26,21),(31,15),(16,14),(24,21),(10,3),(6,21),(2,20),(22,1),(23,24),(10,18),(23,9),(14,24),(13,22),(5,3),(11,18),(10,24),(15,10),(13,19),(15,17),(5,14),(1,6),(25,8),(2,21),(22,3),(23,0),(27,21),(4,23),(26,25),(8,4),(23,29),(26,16),(11,15),(21,14),(6,26),(22,15),(9,10),(12,6),(23,4),(13,30),(11,20),(12,25),(30,30),(10,12),(7,6),(18,23),(10,14),(15,24),
36:(4,12),(24,28),(6,17),(24,24),(16,25),(13,20),(8,20),(18,17),(2,26),(9,28),(14,23),(5,25),(10,4),(10,25),(13,2),(2,19),(24,10),(2,17),(20,20),(7,19),(15,21),(19,23),(13,8),(19,25),(27,16),(9,9),(15,11),(6,5),(1,14),(5,15),(19,16),(3,27),(19,7),(4,17),(22,26),(7,16),(29,5),(8,0),(2,16),(19,26),(11,22),(5,5),(23,16),(21,10),(5,27),(25,11),(6,22),(12,22),(21,18),(13,25),(15,6),(15,27),(15,31),(26,21),(31,15),(16,14),(24,22),(10,3),(6,21),(1,20),(22,1),(23,24),(10,18),(23,9),(14,24),(13,23),(5,3),(11,18),(10,24),(15,10),(13,19),(15,17),(5,14),(1,6),(25,8),(2,20),(22,3),(23,0),(27,21),(4,23),(26,25),(8,4),(23,29),(26,16),(11,15),(21,14),(6,26),(22,15),(9,10),(12,6),(23,4),(13,31),(11,20),(12,25),(30,30),(9,12),(7,6),(18,24),(10,14),(15,24),
37:(4,11),(24,29),(5,17),(24,24),(16,25),(13,20),(8,20),(18,17),(2,26),(9,28),(14,23),(5,25),(10,4),(10,25),(13,2),(1,19),(24,10),(1,17),(20,20),(7,19),(15,21),(19,23),(13,8),(19,25),(27,16),(9,9),(15,11),(6,5),(1,14),(5,15),(19,16),(3,27),(19,7),(4,17),(22,26),(7,16),(29,5),(8,0),(2,17),(19,27),(11,22),(4,5),(23,16),(21,10),(5,27),(25,11),(6,22),(12,22),(21,18),(13,25),(15,6),(15,27),(15,31),(26,21),(31,15),(16,14),(24,23),(10,3),(6,21),(1,21),(22,1),(23,24),(10,18),(23,9),(14,24),(13,23),(5,3),(11,18),(10,24),(15,10),(13,19),(15,17),(5,14),(1,6),(25,8),(2,19),(22,3),(23,0),(27,21),(4,23),(26,25),(8,4),(23,29),(26,16),(11,15),(21,14),(6,26),(22,15),(9,10),(12,6),(23,4),(12,31),(11,20),(12,25),(30,30),(9,11),(7,6),(19,24),(10,14),(15,24),
38:(4,10),(25,29),(5,18),(24,25),(16,25),(13,20),(8,20),(18,17),(2,26),(9,28),(14,23),(5,25),(10,4),(10,25),(13,2),(0,19),(24,10),(1,17),(20,20),(7,19),(15,21),(19,23),(13,8),(20,25),(27,16),(10,9),(15,11),(6,5),(1,14),(5,15),(19,16),(3,27),(19,7),(4,17),(22,26),(7,16),(29,5),(8,0),(2,17),(19,28),(11,22),(3,5),(23,16),(21,10),(5,27),(25,11),(6,22),(12,22),(21,18),(13,25),(15,6),(15,27),(15,31),(26,21),(31,15),(16,14),(24,24),(10,3),(6,21),(1,22),(22,1),(23,24),(10,18),(23,9),(14,24),(13,23),(5,3),(11,18),(10,24),(15,10),(13,19),(15,17),(5,14),(1,6),(25,8),(2,18),(22,3),(23,0),(27,21),(4,23),(26,25),(8,4),(23,29),(26,16),(11,15),(21,14),(6,26),(22,15),(9,9),(12,6),(23,4),(11,31),(11,20),(12,25),(30,30),(9,10),(7,6),(19,25),(10,14),(15,24),
39:(4,9),(26,29),(4,18),(24,24),(16,25),(13,20),(8,20),(18,17),(2,26),(9,28),(14,23),(5,25),(10,4),(10,25),(13,2),(0,20),(24,10),(1,17),(20,20),(7,19),(15,21),(19,23),(13,8),(20,24),(27,16),(9,9),(15,11),(6,5),(1,14),(5,15),(19,16),(3,27),(19,7),(4,17),(22,26),(7,16),(29,5),(8,0),(2,17),(19,29),(11,22),(2,5),(23,16),(21,10),(5,27),(25,11),(6,22),(12,22),(21,18),(13,25),(15,6),(15,27),(15,31),(26,21),(31,15),(16,14),(25,24),(10,3),(6,21),(1,22),(22,1),(23,24),(10,18),(23,9),(14,24),(13,23),(5,3),(11,18),(10,24),(15,10),(13,19),(15,17),(5,14),(1,6),(25,8),(2,18),(22,3),(23,0),(27,21),(4,23),(26,25),(8,4),(23,29),(26,16),(11,15),(21,14),(6,26),(22,15),(9,10),(12,6),(23,4),(10,31),(11,20),(12,25),(30,30),(8,10),(7,6),(20,25),(10,14),(15,24),
40:(4,8),(27,29),(3,18),(24,24),(16,25),(13,20),(8,20),(18,17),(2,26),(9,28),(14,23),(5,25),(10,4),(10,25),(13,2),(0,20),(24,10),(1,17),(20,20),(7,19),(15,21),(19,23),(13,8),(19,24),(27,16),(9,9),(15,11),(6,5),(1,14),(5,15),(19,16),(3,27),(19,7),(4,17),(22,26),(7,16),(29,5),(8,0),(2,17),(19,29),(11,22),(1,5),(23,16),(21,10),(5,27),(25,11),(6,22),(12,22),(21,18),(13,25),(15,6),(15,27),(15,31),(26,21),(31,15),(16,14),(25,25),(10,3),(6,21),(1,22),(22,1),(23,24),(10,18),(23,9),(14,24),(13,23),(5,3),(11,18),(10,24),(15,10),(13,19),(15,17),(5,14),(1,6),(25,8),(2,18),(22,3),(23,0),(27,21),(4,23),(26,25),(8,4),(23,29),(26,16),(11,15),(21,14),(6,26),(22,15),(9,10),(12,6),(23,4),(9,31),(11,20),(12,25),(30,30),(7,10),(7,6),(21,25),(10,14),(15,24),
41:(4,8),(28,29),(2,18),(24,24),(16,25),(13,20),(8,20),(18,17),(2,26),(9,28),(14,23),(5,25),(10,4),(10,25),(13,2),(0,20),(24,10),(1,16),(20,20),(7,19),(15,21),(19,23),(13,8),(19,25),(27,16),(9,9),(15,11),(6,5),(1,14),(5,15),(19,16),(3,27),(19,7),(4,17),(22,26),(7,16),(29,5),(8,0),(1,17),(19,29),(11,22),(1,5),(23,16),(21,10),(5,27),(25,11),(6,22),(12,22),(21,18),(13,25),(15,6),(15,27),(15,31),(26,21),(31,15),(16,14),(25,26),(10,3),(6,21),(1,22),(22,1),(23,24),(10,18),(23,9),(14,24),(13,23),(5,3),(11,18),(10,24),(15,10),(13,19),(15,17),(5,14),(1,6),(25,8),(2,17),(22,3),(23,0),(27,21),(4,23),(26,25),(8,4),(23,29),(26,16),(11,15),(21,14),(6,26),(22,15),(9,10),(12,6),(23,4),(8,31),(11,20),(12,25),(30,30),(6,10),(7,6),(22,25),(10,14),(15,24),
42:(4,8),(29,29),(2,19),(24,24),(16,25),(13,20),(8,20),(18,17),(2,26),(9,28),(14,23),(5,25),(10,4),(10,25),(13,2),(0,20),(24,10),(1,17),(20,20),(7,19),(15,21),(19,23),(13,8),(19,25),(27,16),(9,9),(15,11),(6,5),(1,14),(5,15),(19,16),(3,27),(19,7),(4,17),(22,26),(7,16),(29,5),(8,0),(2,17),(19,29),(11,22),(1,5),(23,16),(21,10),(5,27),(25,11),(6,22),(12,22),(21,18),(13,25),(15,6),(15,27),(15,31),(26,21),(31,15),(16,14),(25,27),(10,3),(6,21),(1,22),(22,1),(23,24),(10,18),(23,9),(14,24),(13,23),(5,3),(11,18),(10,24),(15,10),(13,19),(15,17),(5,14),(1,6),(25,8),(2,18),(22,3),(23,0),(27,21),(4,23),(26,25),(8,4),(23,29),(26,16),(11,15),(21,14),(6,26),(22,15),(9,10),(12,6),(23,4),(7,31),(11,20),(12,25),(30,30),(5,10),(7,6),(23,25),(10,14),(15,24),
43:(4,8),(30,29),(2,19),(24,24),(16,25),(13,20),(8,20),(18,17),(2,26),(9,28),(14,23),(5,25),(10,4),(10,25),(13,2),(0,20),(24,10),(1,17),(20,20),(7,19),(15,21),(19,23),(13,8),(19,25),(27,16),(9,9),(15,11),(6,5),(1,14),(5,15),(19,16),(3,27),(19,7),(4,17),(22,26),(7,16),(29,5),(8,0),(2,17),(19,29),(11,22),(1,5),(23,16),(21,10),(5,27),(25,11),(6,22),(12,22),(21,18),(13,25),(15,6),(15,27),(15,31),(26,21),(31,15),(16,14),(25,27),(10,3),(6,21),(1,22),(22,1),(23,24),(10,18),(23,9),(14,24),(13,23),(5,3),(11,18),(10,24),(15,10),(13,19),(15,17),(5,14),(1,6),(25,8),(2,18),(22,3),(23,0),(27,21),(4,23),(26,25),(8,4),(23,29),(26,16),(11,15),(21,14),(6,26),(22,15),(9,10),(12,6),(23,4),(6,31),(11,20),(12,25),(30,30),(4,10),(7,6),(24,25),(10,14),(15,24),
44:(4,8),(31,29),(2,19),(24,24),(16,25),(13,20),(8,20),(18,17),(2,26),(9,28),(14,23),(5,25),(10,4),(10,25),(13,2),(0,20),(24,10),(1,17),(20,20),(7,19),(15,21),(19,23),(13,8),(19,25),(27,16),(9,9),(15,11),(6,5),(1,14),(5,15),(19,16),(3,27),(19,7),(4,17),(22,26),(7,16),(29,5),(8,0),(2,17),(19,29),(11,22),(1,5),(23,16),(21,10),(5,27),(25,11),(6,22),(12,22),(21,18),(13,25),(15,6),(15,27),(15,31),(26,21),(31,15),(16,14),(25,27),(10,3),(6,21),(1,22),(22,1),(23,24),(10,18),(23,9),(14,24),(13,23),(5,3),(11,18),(10,24),(15,10),(13,19),(15,17),(5,14),(1,6),(25,8),(2,18),(22,3),(23,0),(27,21),(4,23),(26,25),(8,4),(23,29),(26,16),(11,15),(21,14),(6,26),(22,15),(9,10),(12,6),(23,4),(5,31),(11,20),(12,25),(30,30),(3,10),(7,6),(25,25),(10,14),(15,24),
45:(4,8),(31,29),(2,19),(24,24),(16,25),(13,20),(8,20),(18,17),(2,26),(9,28),(14,23),(5,25),(10,4),(10,25),(13,2),(0,20),(24,10),(1,17),(20,20),(7,19),(15,21),(19,23),(13,8),(19,25),(27,16),(9,9),(15,11),(6,5),(1,14),(5,15),(19,16),(3,27),(19,7),(4,17),(22,26),(7,16),(29,5),(8,0),(2,17),(19,29),(11,22),(1,5),(23,16),(21,10),(5,27),(25,11),(6,22),(12,22),(21,18),(13,25),(15,6),(15,27),(15,31),(26,21),(31,15),(16,14),(25,27),(10,3),(6,21),(1,22),(22,1),(23,24),(10,18),(23,9),(14,24),(13,23),(5,3),(11,18),(10,24),(15,10),(13,19),(15,17),(5,14),(1,6),(25,8),(2,18),(22,3),(23,0),(27,21),(4,23),(26,26),(8,4),(23,29),(26,16),(11,15),(21,14),(6,26),(22,15),(9,10),(12,6),(23,4),(4,31),(11,20),(12,25),(30,30),(3,10),(7,6),(26,25),(10,14),(15,24),
46:(4,8),(31,29),(2,19),(24,24),(16,25),(13,20),(8,20),(18,17),(2,26),(9,28),(14,23),(5,25),(10,4),(10,25),(13,2),(0,20),(24,10),(1,17),(20,20),(7,19),(15,21),(19,23),(13,8),(19,25),(27,16),(9,9),(15,11),(6,5),(1,14),(5,15),(19,16),(3,27),(19,7),(4,17),(22,26),(7,16),(29,5),(8,0),(2,17),(19,29),(11,22),(1,5),(23,16),(21,10),(5,27),(25,11),(6,22),(12,22),(21,18),(13,25),(15,6),(15,27),(15,31),(26,21),(31,15),(16,14),(25,27),(10,3),(6,21),(1,22),(22,1),(23,24),(10,18),(23,9),(14,24),(13,23),(5,3),(11,18),(10,24),(15,10),(13,19),(15,17),(5,14),(1,6),(25,8),(2,18),(22,3),(23,0),(27,21),(4,23),(26,25),(8,4),(23,29),(26,16),(11,15),(21,14),(6,26),(22,15),(9,10),(12,6),(23,4),(4,31),(11,20),(12,25),(30,30),(3,10),(7,6),(27,25),(10,14),(15,24),
47:(4,8),(31,29),(2,19),(24,24),(16,25),(13,20),(8,20),(18,17),(2,26),(9,28),(14,23),(5,25),(10,4),(10,25),(13,2),(0,20),(24,10),(1,17),(20,20),(7,19),(15,21),(19,23),(13,8),(19,25),(27,16),(9,9),(15,11),(6,5),(1,14),(5,15),(19,16),(3,27),(19,7),(4,17),(22,26),(7,16),(29,5),(8,0),(2,17),(19,29),(11,22),(1,5),(23,16),(21,10),(5,27),(25,11),(6,22),(12,22),(21,18),(13,25),(15,6),(15,27),(15,31),(26,21),(31,15),(16,14),(25,27),(10,3),(6,21),(1,22),(22,1),(23,24),(10,18),(23,9),(14,24),(13,23),(5,3),(11,18),(10,24),(15,10),(13,19),(15,17),(5,14),(1,6),(25,8),(2,18),(22,3),(23,0),(27,21),(4,23),(26,25),(8,4),(23,29),(26,16),(11,15),(21,14),(6,26),(22,15),(9,10),(12,6),(23,4),(4,31),(11,20),(12,25),(30,30),(3,10),(7,6),(28,25),(10,14),(15,24),
48:(4,8),(31,29),(2,19),(24,24),(16,25),(13,20),(8,20),(18,17),(2,26),(9,28),(14,23),(5,25),(10,4),(10,25),(13,2),(0,20),(24,10),(1,17),(20,20),(7,19),(15,21),(19,23),(13,8),(19,25),(27,16),(9,9),(15,11),(6,5),(1,14),(5,15),(19,16),(3,27),(19,7),(4,17),(22,26),(7,16),(29,5),(8,0),(2,17),(19,29),(11,22),(1,5),(23,16),(21,10),(5,27),(25,11),(6,22),(12,22),(21,18),(13,25),(15,6),(15,27),(15,31),(26,21),(31,15),(16,14),(25,27),(10,3),(6,21),(1,22),(22,1),(23,24),(10,18),(23,9),(14,24),(13,23),(5,3),(11,18),(10,24),(15,10),(13,19),(15,17),(5,14),(1,6),(25,8),(2,18),(22,3),(23,0),(27,21),(4,23),(26,25),(8,4),(23,29),(26,16),(11,15),(21,14),(6,26),(22,15),(9,10),(12,6),(23,4),(4,31),(11,20),(12,25),(30,30),(3,10),(7,6),(29,25),(10,14),(15,24),
